9.98753604797977e-05
0.0
0.5
0.5
0.9999999999999999
1.9999748724902437
1.0
0.0
0.5349032800672833
0.0
0.0
1.4732272069464538
-1.0
0.0
1.1769420468557334
0.5298072613177947
5e-324
0.0
0.2836658354114713
0.21130030959752316
0.8087826570316843
0.8567839195979898
5e-324
0.5908270133622247
2.5e-323
0.0
6.0021216368938174e-05
0.18037661050545098
1.0623781676413253
0.429553264604811
1.4360189573459716
0.09145728643216067
0.0
1e-323
5e-324
0.3116190476190476
1.9241622574955914
0.0
0.3192834562697577
0.0
1.712860310421286
0.16500453309156848
-1.0
0.0
0.724118316268487
-1.0
0.0
1.050578034682081
-1.0
0.8100375234521575
