0.009220869650042714
-1.0
0.5
0.5
0.9999999999999999
2.0638844363525193
1.0
-1.0
0.5349032800672833
-1.0
1.1731326362313175e-46
1.473227206946454
1144.1229745296714
-0.0
1.1769501170519372
0.5298072613177947
4.584764448874191e-16
-1.0
0.2836658354114713
0.21130030959752355
0.8087826570316843
0.8567839195979898
4.683500912618304e-22
0.5908270133622247
1.1203223005025528e-06
5.250895556321645e-109
0.005541096233787659
0.18037661050545098
1.0623781676413253
0.429553264604811
1.4360189573936402
0.09145228323793034
7.469784626016041e-78
6.093121645536075e-11
1.934624477069108e-28
0.3116190476190476
1.9241622574955914
2.869285351380502e-59
0.3192834562697577
1.0697030359556815e-36
1.712860310421286
0.1650045331592425
3.4901812257595276e+39
6.318257522749121e-39
0.7241183162684871
7.917129324093364e+23
-1.0
1.050578034682081
3.414820249755198e+30
0.8100375234521577
